Epoch		Train-loss		Test-loss		Train-IoU		Test-IoU		learningRate
1		0.7842		0.6767		0.0000		0.2992		0.00050150
1		0.7705		0.7262		0.0000		0.2830		0.00050150
2		0.5331		0.5575		0.0000		0.3436		0.00050000
3		0.4658		0.5027		0.0000		0.3714		0.00049850
4		0.4215		0.5318		0.0000		0.3622		0.00049700
5		0.3925		0.5075		0.0000		0.3888		0.00049550
6		0.3718		0.4171		0.0000		0.4271		0.00049400
7		0.3594		0.3972		0.0000		0.4575		0.00049249
8		0.3384		0.3966		0.0000		0.4638		0.00049099
9		0.3302		0.3908		0.0000		0.4733		0.00048949
10		0.3190		0.3925		0.0000		0.4702		0.00048798
11		0.3105		0.3693		0.0000		0.4752		0.00048648
12		0.2994		0.3660		0.0000		0.4801		0.00048497
13		0.2913		0.3725		0.0000		0.4750		0.00048347
14		0.2886		0.3538		0.0000		0.4935		0.00048196
15		0.2791		0.3351		0.0000		0.5087		0.00048046
16		0.2743		0.3609		0.0000		0.4982		0.00047895
17		0.2707		0.4000		0.0000		0.4937		0.00047744
18		0.2584		0.3308		0.0000		0.5176		0.00047593
19		0.2600		0.3524		0.0000		0.5161		0.00047443
20		0.2614		0.3622		0.0000		0.5098		0.00050150
21		0.2531		0.3077		0.0000		0.5424		0.00050000
22		0.2597		0.3131		0.0000		0.5376		0.00049850
23		0.2487		0.3138		0.0000		0.5452		0.00049700
24		0.2442		0.3369		0.0000		0.5233		0.00049550
25		0.2402		0.3068		0.0000		0.5320		0.00049400
26		0.2362		0.2915		0.0000		0.5495		0.00049249
27		0.2394		0.3347		0.0000		0.5424		0.00049099
28		0.2383		0.3048		0.0000		0.5509		0.00048949
29		0.2257		0.3198		0.0000		0.5447		0.00048798
30		0.2280		0.2868		0.0000		0.5774		0.00048648
31		0.2255		0.3405		0.0000		0.5174		0.00048497
32		0.2251		0.3228		0.0000		0.5357		0.00048347
33		0.2266		0.3172		0.0000		0.5388		0.00048196
34		0.2161		0.3274		0.0000		0.5445		0.00048046
35		0.2132		0.3136		0.0000		0.5627		0.00047895
36		0.2155		0.4351		0.0000		0.5324		0.00047744
37		0.2226		0.2933		0.0000		0.5698		0.00047593
38		0.2169		0.2937		0.0000		0.5686		0.00047443
39		0.2059		0.2827		0.0000		0.5867		0.00047292
40		0.2022		0.2996		0.0000		0.5602		0.00047141
41		0.2168		0.4133		0.0000		0.4965		0.00046990
42		0.2092		0.2873		0.0000		0.5761		0.00046839
43		0.1974		0.2847		0.0000		0.5661		0.00046688
44		0.2096		0.2862		0.0000		0.5511		0.00046536
45		0.2013		0.2719		0.0000		0.5926		0.00046385
46		0.1947		0.3264		0.0000		0.5438		0.00046234
47		0.2129		0.2876		0.0000		0.5633		0.00046083
48		0.1965		0.2890		0.0000		0.5814		0.00045931
49		0.1947		0.3119		0.0000		0.5593		0.00045780
50		0.1988		0.2879		0.0000		0.5837		0.00045628
51		0.1912		0.2949		0.0000		0.5780		0.00045477
52		0.1932		0.2842		0.0000		0.5782		0.00045325
53		0.2001		0.3703		0.0000		0.5074		0.00045173
54		0.1975		0.2941		0.0000		0.5644		0.00045022
55		0.1931		0.2708		0.0000		0.6064		0.00044870
56		0.1850		0.2774		0.0000		0.5809		0.00044718
57		0.1905		0.2850		0.0000		0.5729		0.00044566
58		0.1858		0.2694		0.0000		0.6030		0.00044414
59		0.1882		0.3556		0.0000		0.5312		0.00044262
60		0.1880		0.2694		0.0000		0.6073		0.00044110
61		0.1825		0.3492		0.0000		0.5326		0.00043958
62		0.1785		0.2613		0.0000		0.6091		0.00043806
63		0.1832		0.2745		0.0000		0.6074		0.00043653
64		0.1787		0.2722		0.0000		0.6086		0.00043501
65		0.1975		0.2810		0.0000		0.6044		0.00043349
66		0.1785		0.2922		0.0000		0.5886		0.00043196
67		0.1733		0.2770		0.0000		0.6069		0.00043044
68		0.1806		0.2944		0.0000		0.5743		0.00042891
69		0.1904		0.2701		0.0000		0.5991		0.00042739
70		0.1734		0.2867		0.0000		0.5967		0.00042586
71		0.1734		0.2601		0.0000		0.6037		0.00042433
72		0.1859		0.2807		0.0000		0.5910		0.00042281
73		0.1773		0.3051		0.0000		0.5727		0.00042128
74		0.1738		0.2733		0.0000		0.5777		0.00041975
75		0.1674		0.2651		0.0000		0.6248		0.00041822
76		0.1873		0.2665		0.0000		0.6114		0.00041669
77		0.1715		0.2980		0.0000		0.5778		0.00041516
78		0.1726		0.2652		0.0000		0.6121		0.00041362
79		0.1740		0.2591		0.0000		0.6214		0.00041209
80		0.1653		0.2747		0.0000		0.6076		0.00041056
81		0.1886		0.2649		0.0000		0.6090		0.00040903
82		0.1641		0.2641		0.0000		0.6239		0.00040749
83		0.1678		0.2806		0.0000		0.5770		0.00040596
84		0.1680		0.2896		0.0000		0.5822		0.00040442
85		0.1614		0.2519		0.0000		0.6325		0.00040289
86		0.1822		0.2831		0.0000		0.5989		0.00040135
87		0.1609		0.2689		0.0000		0.6054		0.00039981
88		0.1767		0.2791		0.0000		0.5973		0.00039827
89		0.1618		0.2565		0.0000		0.6288		0.00039673
90		0.1581		0.2607		0.0000		0.6262		0.00039520
91		0.1712		0.2480		0.0000		0.6381		0.00039366
92		0.1610		0.2507		0.0000		0.6095		0.00039211
93		0.1718		0.2922		0.0000		0.5700		0.00039057
94		0.1575		0.2693		0.0000		0.6132		0.00038903
95		0.1607		0.2793		0.0000		0.5964		0.00038749
96		0.1772		0.2838		0.0000		0.5844		0.00038594
97		0.1567		0.2520		0.0000		0.6297		0.00038440
98		0.1570		0.3040		0.0000		0.5834		0.00038286
99		0.1700		0.2637		0.0000		0.6098		0.00038131
100		0.1593		0.2978		0.0000		0.5982		0.00037976
101		0.1582		0.2718		0.0000		0.6086		0.00037822
102		0.1508		0.2647		0.0000		0.6077		0.00037667
103		0.1633		0.2683		0.0000		0.6160		0.00037512
104		0.1610		0.2935		0.0000		0.5938		0.00037357
105		0.1789		0.2586		0.0000		0.6159		0.00037202
106		0.1544		0.2551		0.0000		0.6253		0.00037047
107		0.1526		0.2649		0.0000		0.6161		0.00036892
108		0.1548		0.3089		0.0000		0.5754		0.00036737
109		0.1580		0.2438		0.0000		0.6409		0.00036582
110		0.1685		0.3338		0.0000		0.5514		0.00036426
111		0.1651		0.2725		0.0000		0.6169		0.00036271
112		0.1521		0.2490		0.0000		0.6384		0.00036115
113		0.1490		0.2449		0.0000		0.6372		0.00035960
114		0.1515		0.2564		0.0000		0.6172		0.00035804
115		0.1511		0.2982		0.0000		0.5721		0.00035649
116		0.1690		0.2453		0.0000		0.6465		0.00035493
117		0.1461		0.2662		0.0000		0.6194		0.00035337
118		0.1553		0.2757		0.0000		0.6071		0.00035181
119		0.1551		0.2512		0.0000		0.6375		0.00035025
120		0.1577		0.2460		0.0000		0.6451		0.00034869
121		0.1457		0.2621		0.0000		0.6308		0.00034713
122		0.1457		0.2895		0.0000		0.5968		0.00034556
123		0.1594		0.2820		0.0000		0.5851		0.00034400
124		0.1466		0.2473		0.0000		0.6480		0.00034244
125		0.1528		0.3337		0.0000		0.5669		0.00034087
126		0.1471		0.2590		0.0000		0.6316		0.00033931
127		0.1557		0.3075		0.0000		0.5719		0.00033774
128		0.1470		0.2598		0.0000		0.6287		0.00033617
129		0.1415		0.2589		0.0000		0.6283		0.00033460
130		0.1515		0.2536		0.0000		0.6435		0.00033304
131		0.1472		0.2715		0.0000		0.6178		0.00033147
132		0.1403		0.2581		0.0000		0.6404		0.00032990
133		0.1453		0.5048		0.0000		0.5223		0.00032832
134		0.1712		0.2588		0.0000		0.6291		0.00032675
135		0.1471		0.2334		0.0000		0.6617		0.00032518
136		0.1365		0.2498		0.0000		0.6416		0.00032361
137		0.1417		0.2499		0.0000		0.6416		0.00032203
138		0.1452		0.2622		0.0000		0.6137		0.00032045
139		0.1412		0.2618		0.0000		0.6368		0.00031888
140		0.1489		0.2878		0.0000		0.5868		0.00031730
141		0.1598		0.2607		0.0000		0.6152		0.00031572
142		0.1396		0.2588		0.0000		0.6350		0.00031414
143		0.1334		0.2920		0.0000		0.5964		0.00031256
144		0.1564		0.2416		0.0000		0.6512		0.00031098
145		0.1368		0.2639		0.0000		0.6144		0.00030940
146		0.1388		0.2585		0.0000		0.6402		0.00030782
147		0.1409		0.2466		0.0000		0.6495		0.00030624
148		0.1469		0.2430		0.0000		0.6442		0.00030465
149		0.1345		0.2960		0.0000		0.6283		0.00030307
150		0.1453		0.3275		0.0000		0.5619		0.00030148
151		0.1400		0.3077		0.0000		0.5800		0.00029989
152		0.1340		0.2472		0.0000		0.6347		0.00029830
153		0.1413		0.2483		0.0000		0.6485		0.00029671
154		0.1534		0.2366		0.0000		0.6578		0.00029512
155		0.1340		0.2593		0.0000		0.6242		0.00029353
156		0.1382		0.2589		0.0000		0.6124		0.00029194
157		0.1407		0.2394		0.0000		0.6554		0.00029035
158		0.1451		0.2746		0.0000		0.6058		0.00028876
159		0.1460		0.2788		0.0000		0.6079		0.00028716
160		0.1364		0.2638		0.0000		0.6329		0.00028556
161		0.1319		0.2506		0.0000		0.6421		0.00028397
162		0.1339		0.2714		0.0000		0.5959		0.00028237
163		0.1339		0.2597		0.0000		0.6392		0.00028077
164		0.1466		0.2567		0.0000		0.6354		0.00027917
165		0.1320		0.2479		0.0000		0.6448		0.00027757
166		0.1278		0.2599		0.0000		0.6261		0.00027597
167		0.1392		0.2702		0.0000		0.6254		0.00027437
168		0.1321		0.2459		0.0000		0.6579		0.00027276
169		0.1306		0.2619		0.0000		0.6418		0.00027116
170		0.1332		0.3431		0.0000		0.5504		0.00026955
171		0.1567		0.2511		0.0000		0.6396		0.00026794
172		0.1296		0.2427		0.0000		0.6482		0.00026634
173		0.1257		0.2626		0.0000		0.6462		0.00026473
174		0.1350		0.2521		0.0000		0.6495		0.00026312
175		0.1350		0.2491		0.0000		0.6576		0.00026150
176		0.1244		0.2549		0.0000		0.6569		0.00025989
177		0.1317		0.2794		0.0000		0.6081		0.00025828
178		0.1289		0.2546		0.0000		0.6424		0.00025666
179		0.1239		0.2670		0.0000		0.6429		0.00025505
180		0.1384		0.2714		0.0000		0.6165		0.00025343
181		0.1375		0.2553		0.0000		0.6357		0.00025181
182		0.1242		0.2616		0.0000		0.6442		0.00025019
183		0.1215		0.2471		0.0000		0.6708		0.00024857
184		0.1409		0.2458		0.0000		0.6388		0.00024695
185		0.1248		0.2405		0.0000		0.6486		0.00024533
186		0.1190		0.2542		0.0000		0.6542		0.00024370
187		0.1352		0.2746		0.0000		0.6320		0.00024208
188		0.1306		0.2589		0.0000		0.6391		0.00024045
189		0.1309		0.2558		0.0000		0.6344		0.00023882
190		0.1209		0.2436		0.0000		0.6480		0.00023719
191		0.1263		0.2849		0.0000		0.6110		0.00023556
192		0.1320		0.2534		0.0000		0.6512		0.00023393
193		0.1215		0.2660		0.0000		0.6479		0.00023230
194		0.1204		0.2642		0.0000		0.6446		0.00023067
195		0.1404		0.2406		0.0000		0.6589		0.00022903
196		0.1183		0.2510		0.0000		0.6499		0.00022739
197		0.1185		0.2466		0.0000		0.6541		0.00022576
198		0.1326		0.2473		0.0000		0.6400		0.00022412
199		0.1194		0.2638		0.0000		0.6362		0.00022248
200		0.1273		0.3129		0.0000		0.5996		0.00022083
201		0.1203		0.2606		0.0000		0.6479		0.00021919
202		0.1275		0.2699		0.0000		0.6421		0.00021755
203		0.1165		0.2572		0.0000		0.6446		0.00021590
204		0.1189		0.2700		0.0000		0.6289		0.00021425
205		0.1244		0.2603		0.0000		0.6532		0.00021260
206		0.1227		0.2810		0.0000		0.5956		0.00021095
207		0.1234		0.2670		0.0000		0.6471		0.00020930
208		0.1175		0.2692		0.0000		0.6279		0.00020765
209		0.1211		0.2517		0.0000		0.6504		0.00020600
210		0.1211		0.2554		0.0000		0.6373		0.00020434
211		0.1134		0.2379		0.0000		0.6752		0.00020268
212		0.1204		0.2558		0.0000		0.6554		0.00020102
213		0.1243		0.2594		0.0000		0.6409		0.00019936
214		0.1162		0.2604		0.0000		0.6447		0.00019770
215		0.1129		0.2575		0.0000		0.6367		0.00019604
216		0.1230		0.2496		0.0000		0.6345		0.00019437
217		0.1133		0.2585		0.0000		0.6438		0.00019270
218		0.1197		0.2439		0.0000		0.6407		0.00019104
219		0.1120		0.2600		0.0000		0.6344		0.00018937
220		0.2349		0.2801		0.0000		0.5881		0.00050150
221		0.1732		0.2984		0.0000		0.5959		0.00050000
222		0.1645		0.2849		0.0000		0.5837		0.00049850
223		0.1652		0.2701		0.0000		0.5999		0.00049700
224		0.1532		0.2521		0.0000		0.6353		0.00049550
225		0.1607		0.2556		0.0000		0.6148		0.00049400
226		0.1744		0.3106		0.0000		0.5608		0.00049249
227		0.1525		0.3350		0.0000		0.5388		0.00049099
228		0.1493		0.2489		0.0000		0.6328		0.00048949
229		0.1474		0.3030		0.0000		0.5995		0.00048798