Epoch		Train-loss		Test-loss		Train-IoU		Test-IoU		learningRate
1		0.8230		0.7352		0.0000		0.2766		0.00050150
2		0.5716		0.5764		0.0000		0.3283		0.00050000
3		0.4976		0.5645		0.0000		0.3468		0.00049850
4		0.4512		0.4824		0.0000		0.3899		0.00049700
5		0.4240		0.4642		0.0000		0.4008		0.00049550
6		0.3980		0.4187		0.0000		0.4353		0.00049400
7		0.3805		0.4594		0.0000		0.4152		0.00049249
8		0.3597		0.4725		0.0000		0.4122		0.00049099
9		0.3534		0.4388		0.0000		0.4360		0.00048949
10		0.3401		0.3979		0.0000		0.4476		0.00048798
11		0.3313		0.4438		0.0000		0.4491		0.00048648
12		0.3222		0.3763		0.0000		0.4790		0.00048497
13		0.3164		0.3868		0.0000		0.4707		0.00048347
14		0.3077		0.3636		0.0000		0.4797		0.00048196
15		0.3028		0.3758		0.0000		0.4902		0.00048046
16		0.2960		0.3334		0.0000		0.5157		0.00047895
17		0.2920		0.3554		0.0000		0.4842		0.00047744
18		0.2868		0.3386		0.0000		0.5174		0.00047593
19		0.2817		0.4243		0.0000		0.4777		0.00047443
20		0.2791		0.3357		0.0000		0.5196		0.00047292
21		0.2775		0.3523		0.0000		0.5063		0.00047141
22		0.2693		0.3290		0.0000		0.5148		0.00046990
23		0.2643		0.3278		0.0000		0.5210		0.00046839
24		0.2648		0.3439		0.0000		0.5170		0.00046688
25		0.2602		0.3511		0.0000		0.5148		0.00046536
26		0.2595		0.3208		0.0000		0.5271		0.00046385
27		0.2548		0.3135		0.0000		0.5320		0.00046234
28		0.2501		0.3353		0.0000		0.5013		0.00046083
29		0.2517		0.3269		0.0000		0.5419		0.00045931
30		0.2462		0.3368		0.0000		0.5119		0.00045780
31		0.2459		0.3165		0.0000		0.5384		0.00045628
32		0.2431		0.3196		0.0000		0.5472		0.00045477
33		0.2370		0.3155		0.0000		0.5508		0.00045325
34		0.2377		0.2928		0.0000		0.5686		0.00045173
35		0.2303		0.3191		0.0000		0.5566		0.00045022
36		0.2387		0.3304		0.0000		0.5255		0.00044870
37		0.2332		0.3138		0.0000		0.5315		0.00044718
38		0.2320		0.3088		0.0000		0.5521		0.00044566
39		0.2300		0.3405		0.0000		0.5053		0.00044414
40		0.2299		0.3519		0.0000		0.5412		0.00044262
41		0.2297		0.3158		0.0000		0.5488		0.00044110
42		0.2203		0.2996		0.0000		0.5671		0.00043958
43		0.2261		0.3248		0.0000		0.5617		0.00043806
44		0.2227		0.2865		0.0000		0.5807		0.00043653
45		0.2233		0.2893		0.0000		0.5787		0.00043501
46		0.2157		0.3076		0.0000		0.5589		0.00043349
47		0.2236		0.2761		0.0000		0.5948		0.00043196
48		0.2140		0.3167		0.0000		0.5474		0.00043044
49		0.2132		0.3144		0.0000		0.5514		0.00042891
50		0.2169		0.3412		0.0000		0.5355		0.00042739
51		0.2079		0.3038		0.0000		0.5605		0.00042586
52		0.2151		0.2956		0.0000		0.5584		0.00042433
53		0.2102		0.2755		0.0000		0.5984		0.00042281
54		0.2089		0.3418		0.0000		0.5370		0.00042128
55		0.2039		0.2837		0.0000		0.5863		0.00041975
56		0.2145		0.3807		0.0000		0.5433		0.00041822
57		0.2040		0.2901		0.0000		0.5684		0.00041669
58		0.2053		0.3155		0.0000		0.5642		0.00041516
59		0.2037		0.3679		0.0000		0.5130		0.00041362
60		0.2068		0.2810		0.0000		0.5696		0.00041209
61		0.2047		0.2801		0.0000		0.5838		0.00041056
62		0.2020		0.3090		0.0000		0.5456		0.00040903
63		0.1956		0.3743		0.0000		0.5368		0.00040749
64		0.2034		0.2748		0.0000		0.5921		0.00040596
65		0.1945		0.3139		0.0000		0.5698		0.00040442
66		0.1987		0.3098		0.0000		0.5623		0.00040289
67		0.2000		0.2859		0.0000		0.5659		0.00040135
68		0.1952		0.2772		0.0000		0.5936		0.00039981
69		0.1974		0.2981		0.0000		0.5771		0.00039827
70		0.1995		0.2761		0.0000		0.5890		0.00039673
71		0.1892		0.2791		0.0000		0.5969		0.00039520
72		0.1959		0.3114		0.0000		0.5318		0.00039366
73		0.1897		0.2910		0.0000		0.5856		0.00039211
74		0.1941		0.2644		0.0000		0.6056		0.00039057
75		0.1840		0.2868		0.0000		0.5947		0.00038903
76		0.2013		0.3244		0.0000		0.5573		0.00038749
77		0.1895		0.2661		0.0000		0.6095		0.00038594
78		0.1810		0.2599		0.0000		0.6089		0.00038440
79		0.1989		0.2808		0.0000		0.5707		0.00038286
80		0.1892		0.2633		0.0000		0.6144		0.00038131
81		0.1794		0.2669		0.0000		0.6137		0.00037976
82		0.1836		0.3157		0.0000		0.5662		0.00037822
83		0.1906		0.2878		0.0000		0.5913		0.00037667
84		0.1820		0.2916		0.0000		0.5657		0.00037512
85		0.1884		0.2835		0.0000		0.5859		0.00037357
86		0.1810		0.2641		0.0000		0.6017		0.00037202
87		0.1830		0.2572		0.0000		0.6185		0.00037047
88		0.1795		0.2653		0.0000		0.5955		0.00036892
89		0.1884		0.2786		0.0000		0.5768		0.00036737
90		0.1860		0.2529		0.0000		0.6195		0.00036582
91		0.1728		0.2537		0.0000		0.6272		0.00036426
92		0.1806		0.2677		0.0000		0.6086		0.00036271
93		0.1820		0.2668		0.0000		0.6197		0.00036115
94		0.1843		0.2816		0.0000		0.6127		0.00035960
95		0.1740		0.3001		0.0000		0.5867		0.00035804
96		0.1745		0.2907		0.0000		0.6032		0.00035649
97		0.1877		0.2568		0.0000		0.6061		0.00035493
98		0.1699		0.2743		0.0000		0.6055		0.00035337
99		0.1783		0.2684		0.0000		0.5926		0.00035181
100		0.1700		0.2673		0.0000		0.5897		0.00035025
101		0.1744		0.2775		0.0000		0.5858		0.00034869
102		0.1725		0.2485		0.0000		0.6063		0.00034713
103		0.1813		0.2616		0.0000		0.6126		0.00034556
104		0.1726		0.2848		0.0000		0.5804		0.00034400
105		0.1719		0.2624		0.0000		0.6120		0.00034244
106		0.1693		0.2664		0.0000		0.5986		0.00034087
107		0.1661		0.2766		0.0000		0.5868		0.00033931
108		0.1881		0.2694		0.0000		0.6055		0.00033774
109		0.1696		0.2455		0.0000		0.6191		0.00033617
110		0.1653		0.2809		0.0000		0.5781		0.00033460
111		0.1733		0.2545		0.0000		0.6163		0.00033304
112		0.1662		0.2741		0.0000		0.6068		0.00033147
113		0.1659		0.2618		0.0000		0.6180		0.00032990
114		0.1646		0.2662		0.0000		0.6049		0.00032832
115		0.1702		0.2480		0.0000		0.6214		0.00032675
116		0.1662		0.3357		0.0000		0.5397		0.00032518
117		0.1689		0.3219		0.0000		0.5356		0.00032361
118		0.1665		0.2675		0.0000		0.5952		0.00032203
119		0.1683		0.2471		0.0000		0.6351		0.00032045
120		0.1668		0.2789		0.0000		0.5898		0.00031888
121		0.1669		0.2443		0.0000		0.6399		0.00031730
122		0.1613		0.2472		0.0000		0.6391		0.00031572
123		0.1650		0.2739		0.0000		0.5979		0.00031414
124		0.1666		0.2561		0.0000		0.6140		0.00031256
125		0.1568		0.2449		0.0000		0.6521		0.00031098
126		0.1703		0.2617		0.0000		0.6093		0.00030940
127		0.1570		0.2439		0.0000		0.6448		0.00030782
128		0.1548		0.2515		0.0000		0.6475		0.00030624
129		0.1567		0.2801		0.0000		0.6131		0.00030465
130		0.1739		0.2598		0.0000		0.6238		0.00030307
131		0.1566		0.2407		0.0000		0.6588		0.00030148
132		0.1549		0.2490		0.0000		0.6473		0.00029989
133		0.1673		0.2605		0.0000		0.6201		0.00029830
134		0.1586		0.2441		0.0000		0.6247		0.00029671
135		0.1522		0.2937		0.0000		0.6037		0.00029512
136		0.1572		0.2499		0.0000		0.6336		0.00029353
137		0.1526		0.2664		0.0000		0.6084		0.00029194
138		0.1804		0.2540		0.0000		0.6222		0.00029035
139		0.1532		0.2520		0.0000		0.6356		0.00028876
140		0.1576		0.2695		0.0000		0.6044		0.00028716
141		0.1545		0.3108		0.0000		0.5693		0.00028556
142		0.1535		0.2527		0.0000		0.6213		0.00028397
143		0.1510		0.2440		0.0000		0.6418		0.00028237
144		0.1618		0.2872		0.0000		0.5891		0.00028077
145		0.1586		0.2471		0.0000		0.6323		0.00027917
146		0.1571		0.2828		0.0000		0.5923		0.00027757
147		0.1507		0.2453		0.0000		0.6477		0.00027597
148		0.1452		0.2647		0.0000		0.6175		0.00027437
149		0.1536		0.2699		0.0000		0.6118		0.00027276
150		0.1539		0.2724		0.0000		0.6280		0.00027116
151		0.1654		0.2788		0.0000		0.6063		0.00026955
152		0.1518		0.2669		0.0000		0.6144		0.00026794
153		0.1542		0.2395		0.0000		0.6470		0.00026634
154		0.1431		0.2482		0.0000		0.6287		0.00026473
155		0.1486		0.2792		0.0000		0.6154		0.00026312
156		0.1542		0.2445		0.0000		0.6409		0.00026150
157		0.1522		0.2350		0.0000		0.6581		0.00025989
158		0.1411		0.2382		0.0000		0.6567		0.00025828
159		0.1462		0.2543		0.0000		0.6245		0.00025666
160		0.1552		0.2496		0.0000		0.6450		0.00025505
161		0.1435		0.2336		0.0000		0.6601		0.00025343
162		0.1410		0.2625		0.0000		0.6043		0.00025181
163		0.1630		0.3700		0.0000		0.5231		0.00025019
164		0.1519		0.2423		0.0000		0.6345		0.00024857
165		0.1378		0.2451		0.0000		0.6386		0.00024695
166		0.1443		0.2427		0.0000		0.6435		0.00024533
167		0.1533		0.2557		0.0000		0.6297		0.00024370
168		0.1459		0.2465		0.0000		0.6461		0.00024208
169		0.1472		0.2530		0.0000		0.6531		0.00024045
170		0.1414		0.2424		0.0000		0.6529		0.00023882
171		0.1467		0.2485		0.0000		0.6447		0.00023719
172		0.1377		0.2390		0.0000		0.6593		0.00023556
173		0.1426		0.2648		0.0000		0.6117		0.00023393
174		0.1413		0.2626		0.0000		0.6482		0.00023230
175		0.1434		0.2643		0.0000		0.6333		0.00023067
176		0.1474		0.2385		0.0000		0.6496		0.00022903
177		0.1385		0.2517		0.0000		0.6503		0.00022739
178		0.1352		0.2403		0.0000		0.6445		0.00022576
179		0.1384		0.2518		0.0000		0.6459		0.00022412
180		0.1473		0.2471		0.0000		0.6309		0.00022248
181		0.1381		0.2435		0.0000		0.6517		0.00022083
182		0.1489		0.2961		0.0000		0.5856		0.00021919
183		0.1406		0.2357		0.0000		0.6556		0.00021755
184		0.1306		0.2629		0.0000		0.6445		0.00021590
185		0.1360		0.2355		0.0000		0.6409		0.00021425
186		0.1419		0.3459		0.0000		0.6183		0.00021260
187		0.1360		0.2462		0.0000		0.6604		0.00021095
188		0.1480		0.2393		0.0000		0.6519		0.00020930
189		0.1306		0.2394		0.0000		0.6473		0.00020765
190		0.1403		0.2599		0.0000		0.6373		0.00020600
191		0.1403		0.2366		0.0000		0.6689		0.00020434
192		0.1308		0.2492		0.0000		0.6584		0.00020268
193		0.1404		0.2728		0.0000		0.6121		0.00020102
194		0.1352		0.2362		0.0000		0.6527		0.00019936
195		0.1311		0.2572		0.0000		0.6188		0.00019770
196		0.1309		0.2773		0.0000		0.6119		0.00019604
197		0.1366		0.2417		0.0000		0.6487		0.00019437
198		0.1453		0.2422		0.0000		0.6417		0.00019270
199		0.1296		0.2362		0.0000		0.6593		0.00019104
200		0.1291		0.2619		0.0000		0.6233		0.00018937
201		0.1331		0.2360		0.0000		0.6626		0.00018769
202		0.1299		0.2693		0.0000		0.6411		0.00018602
203		0.1425		0.2500		0.0000		0.6585		0.00018435
204		0.1349		0.2293		0.0000		0.6712		0.00018267
205		0.1273		0.2491		0.0000		0.6377		0.00018099
206		0.1259		0.2412		0.0000		0.6583		0.00017931
207		0.1306		0.2388		0.0000		0.6449		0.00017763
208		0.1390		0.2408		0.0000		0.6628		0.00017594
209		0.1278		0.2380		0.0000		0.6603		0.00017426
210		0.1251		0.2474		0.0000		0.6620		0.00017257
211		0.1289		0.2480		0.0000		0.6431		0.00017088
212		0.1266		0.2567		0.0000		0.6602		0.00016919
213		0.1284		0.3380		0.0000		0.6324		0.00016750
214		0.1299		0.2357		0.0000		0.6736		0.00016580
215		0.1240		0.2353		0.0000		0.6717		0.00016411
216		0.1283		0.2631		0.0000		0.6391		0.00016241
217		0.1299		0.2520		0.0000		0.6463		0.00016071
218		0.1248		0.2422		0.0000		0.6606		0.00015901
219		0.1240		0.2420		0.0000		0.6593		0.00015730
220		0.1244		0.2493		0.0000		0.6620		0.00015559
221		0.1244		0.2445		0.0000		0.6581		0.00015389
222		0.1232		0.2394		0.0000		0.6712		0.00015217
223		0.1285		0.2881		0.0000		0.6218		0.00015046
224		0.1283		0.2478		0.0000		0.6674		0.00014875
225		0.1247		0.2305		0.0000		0.6747		0.00014703
226		0.1209		0.2565		0.0000		0.6385		0.00014531
227		0.1253		0.2402		0.0000		0.6491		0.00014359
228		0.1201		0.2469		0.0000		0.6578		0.00014186
229		0.1235		0.2517		0.0000		0.6557		0.00014014
230		0.1225		0.2538		0.0000		0.6644		0.00013841
231		0.1221		0.2410		0.0000		0.6613		0.00013668
232		0.1218		0.2470		0.0000		0.6631		0.00013494
233		0.1175		0.2326		0.0000		0.6746		0.00013321
234		0.1229		0.2685		0.0000		0.6353		0.00013147
235		0.1287		0.2404		0.0000		0.6679		0.00012973
236		0.1159		0.2437		0.0000		0.6625		0.00012798
237		0.1155		0.2373		0.0000		0.6758		0.00012624
238		0.1163		0.2370		0.0000		0.6729		0.00012449
239		0.1271		0.2731		0.0000		0.6189		0.00012273
240		0.1251		0.2321		0.0000		0.6710		0.00012098
241		0.1165		0.2390		0.0000		0.6609		0.00011922
242		0.1145		0.2458		0.0000		0.6468		0.00011746
243		0.1138		0.2397		0.0000		0.6633		0.00011570
244		0.1169		0.2464		0.0000		0.6536		0.00011393
245		0.1150		0.2406		0.0000		0.6744		0.00011216
246		0.1159		0.2444		0.0000		0.6695		0.00011039
247		0.1143		0.2777		0.0000		0.6447		0.00010861
248		0.1166		0.2530		0.0000		0.6673		0.00010684
249		0.1124		0.2439		0.0000		0.6696		0.00010505
250		0.1137		0.2408		0.0000		0.6616		0.00010327
251		0.1121		0.2485		0.0000		0.6419		0.00010148
252		0.1126		0.2462		0.0000		0.6695		0.00009969
253		0.1128		0.2585		0.0000		0.6569		0.00009789
254		0.1140		0.2422		0.0000		0.6725		0.00009609
255		0.1113		0.2418		0.0000		0.6702		0.00009429
256		0.1124		0.2455		0.0000		0.6660		0.00009248
257		0.1097		0.2449		0.0000		0.6713		0.00009067
258		0.1102		0.2486		0.0000		0.6682		0.00008885
259		0.1113		0.2575		0.0000		0.6598		0.00008703
260		0.1127		0.2467		0.0000		0.6710		0.00008521
261		0.1082		0.2427		0.0000		0.6728		0.00008338
262		0.1091		0.2399		0.0000		0.6695		0.00008155
263		0.1090		0.2404		0.0000		0.6742		0.00007971
264		0.1078		0.2356		0.0000		0.6715		0.00007787
265		0.1077		0.2466		0.0000		0.6706		0.00007602
266		0.1077		0.2453		0.0000		0.6675		0.00007417
267		0.1078		0.2470		0.0000		0.6702		0.00007231
268		0.1069		0.2435		0.0000		0.6678		0.00007045
269		0.1063		0.2527		0.0000		0.6686		0.00006858
270		0.1059		0.2455		0.0000		0.6653		0.00006671
271		0.1056		0.2542		0.0000		0.6575		0.00006483
272		0.1064		0.2508		0.0000		0.6620		0.00006295
273		0.1051		0.2420		0.0000		0.6717		0.00006105
274		0.1048		0.2444		0.0000		0.6730		0.00005916
275		0.1037		0.2429		0.0000		0.6719		0.00005725